202
203
205
206
208
212
214
215
216
219
223
224
226
227
337
338
339
349
350
351
352
354
385
388
395
396
398
399
400
401
402
403
404
405
409
410
411
416
420
422
429
433
434
436
438
439
443
444
446
447
448
449
450
550
551
553
554
555
561
563
566
570
571
574
578
579
584
1552
1561
1718
1727
1787
2053
2058
2090
2101
2118
2152
2241
2282
2370
2429
2486
2487
2489
2600
2999
3000
3016
3027
3028
3055
3155
3156
3157
3168
3200
3247
3248
3249
3250
3251
3252
3644
3653
3900
3932
4179
4817
594586
594932
596000
596711
597104
597105
597235
597270
597678
597768
598830
598831
598832
605393
609041
609307
620855
621564
628234
628258
635070
636631
647328
842554
