1
5
9
12
15
17
21
26
27
28
29
32
33
35
37
38
40
41
43
44
45
46
47
48
49
50
51
52
53
54
55
56
57
58
59
60
61
62
63
64
65
66
67
68
69
70
71
77
95
97
102
103
108
112
115
118
122
126
127
128
130
131
133
140
144
145
146
147
150
152
153
154
155
161
166
167
169
171
234
236
238
243
249
251
256
276
277
291
295
296
300
303
306
308
309
310
311
312
314
317
319
322
324
325
326
327
328
329
330
331
332
333
334
335
336
337
338
339
340
341
342
344
345
346
347
348
349
350
351
352
353
354
355
356
357
358
359
360
362
363
364
365
366
367
369
373
376
379
380
381
382
383
384
385
386
387
390
391
392
393
394
395
396
397
398
399
400
401
402
403
404
405
406
407
408
409
410
411
412
413
414
415
416
418
419
420
421
422
424
425
426
427
428
430
432
433
434
439
441
442
443
444
445
446
447
448
449
450
451
452
453
454
455
456
457
458
459
460
461
462
463
464
465
466
467
468
469
470
471
472
473
474
475
476
477
478
479
497
498
499
500
501
502
503
504
505
506
507
508
509
510
511
512
513
514
515
516
517
518
519
520
521
522
523
524
525
526
527
528
529
530
531
532
533
534
535
536
537
538
539
540
541
542
543
544
545
546
547
548
549
585
586
587
588
603
604
605
606
607
608
609
610
611
612
613
614
615
616
617
618
619
626
627
628
630
631
633
634
635
636
637
638
639
640
641
642
643
644
645
646
647
648
649
650
651
652
653
654
655
656
657
658
659
660
661
662
663
664
725
727
728
729
730
731
732
733
734
735
736
737
738
739
742
743
744
750
751
752
753
754
757
758
759
760
761
765
766
767
768
769
770
772
773
774
775
776
777
778
779
780
781
783
784
785
787
788
791
792
795
796
797
798
799
800
801
802
803
804
806
807
808
809
811
812
813
814
815
816
817
818
819
821
822
826
827
828
829
830
831
832
833
834
835
836
837
838
839
840
841
842
843
844
845
846
847
848
849
850
851
852
853
854
855
856
857
858
859
860
861
862
863
864
865
866
867
868
869
870
871
872
873
874
875
876
877
878
879
880
881
882
883
884
885
886
887
888
889
890
891
892
893
897
900
901
902
903
904
905
906
907
908
909
910
911
912
913
914
915
917
918
919
920
921
922
923
924
925
926
927
928
929
930
931
932
933
934
935
936
937
938
939
940
941
942
943
944
945
946
947
948
949
950
951
952
953
954
955
956
957
958
959
974
975
976
977
978
979
980
981
982
983
984
985
986
987
988
989
990
991
992
993
994
995
996
997
998
999
1000
1001
1002
1003
1004
1006
1007
1008
1009
1010
1011
1012
1013
1014
1015
1016
1017
1052
1053
1057
1060
1061
1226
1227
1228
1229
1230
1231
1232
1233
1234
1235
1236
1237
1238
1239
1240
1241
1242
1243
1244
1245
1246
1247
1248
1249
1317
1320
1322
1323
1325
1326
1327
1328
1329
1330
1331
1332
1333
1334
1335
1336
1337
1338
1340
1341
1342
1343
1344
1345
1346
1347
1348
1349
1350
1351
1352
1353
1354
1355
1356
1357
1358
1359
1360
1361
1362
1363
1364
1367
1368
1369
1370
1371
1372
1373
1374
1375
1376
1377
1378
1379
1380
1381
1382
1383
1384
1385
1388
1389
1475
1479
1480
1481
1482
1496
1501
1504
1506
1508
1515
1516
1521
1523
1526
1527
1529
1534
1542
1546
1548
1550
1557
1558
1559
1560
1561
1562
1564
1566
1569
1572
1574
1575
1576
1577
1578
1579
1580
1581
1582
1583
1584
1585
1586
1622
1626
1627
1629
1641
1642
1644
1645
1646
1647
1648
1649
1650
1651
1652
1653
1654
1655
1656
1657
1658
1659
1660
1661
1662
1664
1665
1666
1667
1668
1669
1670
1671
1672
1673
1675
1676
1677
1678
1679
1680
1681
1682
1683
1684
1685
1686
1687
1688
1689
1691
1699
1700
1703
1706
1707
1708
1711
1712
1716
1717
1718
1720
1721
1740
1741
1742
1745
1746
1747
1756
1759
1760
1761
1762
1763
1764
1765
1766
1767
1768
1769
1770
1771
1772
1773
1774
1775
1776
1778
1779
1780
1781
1782
1783
1784
1785
1786
1787
1788
1789
1790
1791
1792
1793
1794
1795
1796
1799
1802
1804
1807
1809
1813
1814
1816
1817
1820
1821
1823
1824
1825
1826
1827
1828
1829
1830
1831
1832
1833
1834
1835
1844
1850
1852
1854
1855
1856
1857
1858
1859
1860
1862
1931
1932
1938
1939
1940
1941
1942
1944
1945
1946
1947
1948
1949
1950
1951
1952
1953
1954
1955
1956
1957
1958
1959
1960
1961
1962
1963
1964
1965
1966
1967
1968
1969
1970
1971
1972
1973
1974
1975
1976
1977
1978
1979
1980
1981
1982
1983
1984
1985
1986
1987
1988
1989
1990
1991
1992
1993
1994
1995
1996
1997
1998
1999
2020
2021
2022
2023
2024
2025
2026
2031
2032
2033
2034
2036
2037
2038
2039
2040
2041
2042
2043
2046
2047
2048
2049
2050
2051
2052
2053
2054
2055
2056
2057
2058
2059
2060
2061
2062
2063
2064
2065
2066
2067
2068
2069
2070
2071
2072
2073
2074
2075
2076
2077
2078
2079
2080
2081
2082
2083
2084
2085
2086
2087
2088
2089
2090
2091
2092
2093
2094
2095
2096
2097
2098
2099
2100
2101
2102
2103
2104
2105
2106
2108
2109
2110
2111
2112
2113
2114
2115
2116
2117
2118
2119
2120
2121
2122
2123
2124
2125
2126
2127
2128
2129
2130
2131
2132
2133
2134
2135
2136
2137
2138
2139
2140
2141
2142
2143
2144
2145
2146
2147
2148
2149
2150
2151
2152
2153
2154
2155
2156
2157
2158
2159
2160
2161
2162
2163
2164
2165
2166
2167
2168
2169
2173
2174
2175
2185
2186
2187
2189
2191
2197
2198
2199
2200
2201
2202
2203
2204
2205
2206
2207
2209
2211
2212
2213
2214
2215
2216
2217
2218
2219
2220
2221
2222
2223
2224
2225
2226
2227
2228
2229
2230
2231
2232
2233
2234
2235
2236
2238
2239
2240
2241
2242
2243
2244
2245
2246
2247
2248
2249
2250
2251
2252
2253
2254
2255
2256
2257
2258
2259
2260
2261
2262
2263
2264
2265
2266
2267
2269
2270
2273
2274
2275
2276
2278
2279
2280
2281
2282
2283
2284
2285
2286
2287
2288
2289
2290
2291
2292
2293
2297
2301
2302
2307
2308
2312
2318
2319
2325
2326
2327
2328
2329
2330
2334
2335
2336
2337
2338
2339
2340
2341
2342
2343
2344
2345
2346
2347
2348
2350
2351
2352
2353
2354
2355
2356
2357
2358
2359
2360
2361
2362
2363
2364
2365
2366
2367
2368
2369
2370
2371
2372
2373
2374
2375
2376
2377
2382
2383
2384
2385
2388
2389
2390
2391
2392
2393
2394
2395
2396
2397
2398
2419
2420
2421
2422
2423
2425
2426
2427
2428
2429
2430
2431
2432
2434
2435
2436
2439
2440
2441
2442
2443
2446
2447
2449
2450
2451
2452
2454
2455
2456
2458
2459
2460
2461
2462
2463
2464
2465
2466
2467
2468
2469
2470
2471
2472
2473
2474
2475
2476
2477
2478
2479
2480
2481
2482
2483
2484
2485
2486
2487
2488
2489
2490
2491
2493
2494
2495
2496
2497
2498
2572
2573
2586
2587
2590
2644
2657
2658
2659
2664
2665
2666
2667
2668
2691
2695
2696
2701
2706
2714
2716
2721
2722
2724
2728
2729
2733
2739
2741
2742
2744
2745
2750
2752
2760
2767
2768
2769
2770
2771
2774
2775
2776
2777
2778
2782
2783
2784
2785
2787
2790
2800
2802
2804
2805
2806
2807
2808
2809
2810
2811
2812
2813
2814
2815
2816
2817
2818
2819
2820
2821
2822
2823
2824
2825
2826
2827
2828
2829
2830
2831
2832
2833
2834
2835
2836
2841
2842
2843
2844
2845
2846
2847
2849
2850
2851
2852
2853
2854
2855
2856
2857
2858
2859
2860
2861
2862
2863
2864
2865
2866
2867
2868
2869
2870
2871
2872
2873
2874
2875
2876
2877
2878
2879
2880
2881
2882
2885
2886
2887
2888
2889
2891
2892
2894
2895
2896
2897
2898
2899
2900
2901
2902
2903
2904
2905
2906
2907
2908
2909
2910
2911
2912
2913
2914
2915
2917
2922
3276
3279
3300
3303
3304
3799
3800
3802
3804
3805
3807
3808
3809
3810
3811
3812
3813
3814
3844
3845
3846
3847
3848
3852
3853
3854
3855
3856
3874
3886
3894
3895
3897
3903
3923
3924
3925
3926
3927
3931
3932
3933
3934
3935
3936
4113
4128
6474
6475
6476
6477
6478
6479
6480
6481
6482
6485
6684
6685
6686
6687
6688
6689
6690
6691
6692
6693
6694
6695
6696
6792
6793
6794
6814
6818
6821
6822
6824
6829
6830
6835
6839
6840
6846
6847
6853
6859
6860
6861
6868
6878
6879
6880
6881
6882
6883
6884
6885
6886
6887
6888
6889
6890
6891
6892
6893
6894
6895
6896
6897
6898
6899
6900
6901
6902
6903
6905
7222
7223
7224
7225
7226
7227
7228
7229
7230
7231
7232
7233
7234
7236
7237
7238
7239
7240
7241
7242
7243
7244
7245
7246
7247
7248
7249
7250
7251
7252
7253
7254
7255
7256
7257
7258
7259
7260
7261
7262
7263
7264
7265
7266
7267
7268
7269
7270
7271
7272
7273
7274
7275
7276
7277
7278
7279
7280
7281
7283
7284
7285
7286
7288
7289
7290
7291
7292
7293
7294
7295
7296
7297
7298
7299
7308
7310
7313
7314
7316
7319
7321
7322
7323
7326
7327
7328
7349
7355
7356
7358
7359
7360
7361
7362
7363
7372
7373
7374
7380
9720
9721
9722
9723
9724
9767
9891
9963
9982
9983
10004
10007
10069
10070
10071
10072
10073
10074
10075
10076
10077
10078
10079
10080
10081
10082
10083
10084
10085
10086
10087
10088
10089
10090
10091
10092
10093
10094
10095
10096
10097
10098
10099
10100
10101
10102
10103
10104
10105
10106
10107
10108
10109
10110
10111
10112
10113
10114
10115
10116
10117
10118
10119
10120
10121
10122
10123
10124
10126
10127
10132
10133
10134
10135
10136
10137
10138
10139
10140
10141
10142
10143
10144
10145
10146
10147
10148
10149
10150
10151
10152
10154
10156
10158
10194
10196
10198
10206
10208
10213
10214
10215
10216
10217
10218
10219
10222
10223
10224
10225
10228
10229
10231
10232
10233
10234
10235
10236
10237
10238
10239
10240
10241
10242
10243
10244
10245
10246
10247
10248
10249
10251
10252
10253
10254
10255
10256
10257
10263
10293
10294
10295
10322
10323
10330
10337
10338
10350
10357
10373
10381
10384
10388
10400
10404
10407
10410
10411
10414
10416
10423
10425
10445
10446
10456
10457
10459
10467
10470
10472
10474
10483
10508
10527
10534
10538
10540
10558
10573
10590
10599
10605
10611
10613
10636
10637
10638
10639
10640
10642
10643
10645
10646
10647
10649
10651
10671
10672
10689
10713
10715
10718
10719
10721
10722
10727
10740
10745
10752
10755
10758
10774
10781
10792
10800
10815
10821
10822
10823
10824
10825
10826
10827
10828
10829
10830
10831
10832
10833
10834
10835
10836
10837
10838
10839
10840
10841
10842
10843
10844
10845
10846
10847
10848
10849
10850
10851
10852
10853
10854
10855
10856
10857
10858
10859
10860
10861
10862
10863
10864
10865
10866
10867
10868
10869
10870
10871
10872
10873
10874
10875
10899
10937
10948
10955
10986
10987
10988
10989
10990
11053
11079
11080
11085
11086
11184
11356
11390
11403
11477
11478
11479
11480
11481
11482
11484
11485
11486
11487
11488
11489
11490
11491
11492
11493
11494
11495
11496
11497
11498
11499
11500
11501
11502
11503
11504
11505
11506
11507
11508
11564
11566
11567
11568
11569
11570
11571
11572
11573
11575
11576
11577
11578
11581
11582
11583
11588
11590
11592
11610
11622
11797
11798
11809
11823
11826
11828
11840
11910
11913
11914
11915
11916
11917
11918
11919
11920
11921
11922
11923
11924
11925
11926
11991
11992
12012
12014
12106
12111
12124
12126
12132
12145
12147
12154
12159
12160
12162
12165
12180
12184
12188
12193
12196
12201
12217
12218
12219
12220
12221
12222
12223
12225
12226
12229
12230
12451
12452
12453
12454
12455
12456
12457
12458
12459
12460
12461
12462
12463
12464
12465
12466
12467
12468
12469
12470
12471
12472
12473
12474
12475
12476
12477
12478
12479
12480
12481
12482
12483
12484
12485
12486
12487
12488
12489
12490
12491
12492
12493
12494
12495
12496
12497
12498
12499
12500
12501
12502
12503
12504
12505
12506
12507
12508
12509
12510
12511
12512
12513
12514
12515
12516
12517
12518
12519
12520
12521
12522
12523
12524
12525
12526
12527
12528
12529
12530
12531
12532
12533
12534
12535
12536
12537
12549
12550
12551
12552
12571
12573
13588
13589
13590
13591
13646
13647
13648
13649
13651
13652
13653
13670
30701
30702
31201
31202
31203
31204
31205
31206
31207
31208
31209
31210
31211
31212
31213
31214
31215
31216
31217
31218
31219
31220
31221
31222
31223
31224
31225
31226
31227
31548
31549
31550
31570
31572
31586
31596
31617
31636
31643
31646
31653
31664
31670
31685
31686
31698
31703
31708
31713
31714
31715
31720
31724
31725
31739
31762
31763
31764
31766
31767
31773
31783
31789
31796
31797
31801
31804
31807
32201
32881
32921
33301
33681
33683
33684
33685
34521
34881
34882
34883
41079
41080
41101
41102
41103
41104
41105
41106
41107
41108
41109
41110
41111
41112
41113
41114
41115
41116
41117
41118
41119
41120
41121
41122
41123
41124
41125
41126
46737
46738
46741
46742
46744
46745
46746
46747
46748
48861
48867
48882
49361
49394
58817
58818
58819
58820
58821
59924
59925
59926
66829
66830
66831
66832
66833
67358
67951
67952
67954
67995
67996
67997
67998
67999
68000
68001
68002
68003
68004
68005
68006
68007
68008
68009
68010
68011
68012
68013
68015
68016
68017
68018
68019
68020
68021
68022
68023
68024
68025
68026
68027
68028
68029
68030
68031
68032
68033
68034
68035
68036
68037
68038
68039
68040
68041
68042
68043
68044
68045
68046
68047
68048
68049
68050
68051
68052
68053
68054
68055
68056
68057
68058
68059
68060
68061
68062
68063
68064
68067
68069
68070
89067
89070
89071
89072
89073
89077
89078
89081
89082
89084
89087
89088
89093
89094
89095
89098
89099
89100
89105
89106
89107
89110
89111
89112
89283
89284
89285
89286
89383
89384
89385
89387
89388
89390
89391
89392
89394
89396
89397
89398
89400
89702
89703
89705
89707
89713
89714
89722
89724
89856
89887
89888
89889
89891
89892
90238
90682
91915
91920
91954
91955
91956
92350
92358
92359
92360
92362
92367
92368
92369
92370
92697
92698
92699
92701
92702
92703
92704
92705
92706
92707
92712
92713
92714
92715
92716
92717
92718
92719
92720
92721
92724
92725
92726
92727
92728
92903
92904
92905
92907
92910
92911
92912
92913
92914
92915
92916
92917
92918
92919
92920
92921
93197
93872
93873
93874
93875
93876
93877
94018
94019
94020
94021
94038
94039
94040
96921
96928
96931
96944
96945
96974
96975
96976
97790
97960
97968
97991
98005
98006
98007
99257
99423
99434
99436
99437
99448
99449
99455
99456
99457
99458
99461
99462
99464
99466
99468
99469
99470
99473
99522
99523
99524
99525
99526
99527
99528
99529
99530
99531
99533
99538
99545
99547
99604
99606
99607
99608
99609
100248
100249
101780
101781
101782
101783
102771
103743
103744
103745
103746
103747
103748
103749
103750
103751
103752
103753
103754
103755
103756
103757
103758
103759
103760
103761
103762
103763
103764
103766
103767
103768
103769
103770
103771
103772
103773
103774
103775
103776
103777
103778
103779
103780
103781
103782
103783
103784
103785
103786
103787
103789
103799
103800
103801
103802
103803
103804
103805
103806
103807
103808
103809
103810
103811
103812
103814
103815
103816
103817
103818
103889
103890
103891
103892
103893
103894
103895
103896
103897
103898
103899
103900
103901
104063
104073
104363
104364
104365
104366
104367
104368
104369
104370
104371
104372
104373
104374
104375
104376
104377
104378
104379
104380
104381
104382
104383
104384
104385
104386
104387
104388
104389
104390
104391
104392
104393
104394
104395
104396
104397
104398
104399
104400
104401
104402
104403
104404
104405
104407
104408
104409
104410
104411
104412
104413
104414
104415
104416
104418
104419
104420
104421
104422
104423
104424
104425
104426
104427
104428
104429
104430
104431
104432
104433
104434
104436
104437
104438
104439
104440
104441
104442
104443
104444
104445
104446
104447
104448
104449
104450
104451
104452
104453
104454
104455
104456
104457
104458
104460
104461
104484
104486
104626
104627
104628
104630
104632
104633
104634
104635
104636
104763
104764
104765
104766
104767
104768
104769
104770
104771
104772
104773
104774
104775
104776
104777
104780
104782
104784
104787
104788
104789
104790
104791
104792
104793
104794
104795
104796
104798
104799
104800
104801
104802
104803
104804
104805
104806
104807
104808
104842
104843
104844
104845
104883
104884
104885
104888
104889
104890
104891
104892
104896
104897
104903
104904
104905
104906
104910
104912
104913
104914
104915
104916
104917
104918
104919
104920
104921
104922
104923
104924
104925
104926
104927
104928
104929
104930
104931
104932
104933
104934
104935
104936
104937
104938
104939
104940
104941
104942
104943
104944
104945
104947
104948
104949
104950
104951
104952
104953
104954
104955
104956
104957
104958
104959
104960
104961
104962
104963
104964
104965
104966
104967
104968
104969
104970
104971
104972
104973
104974
104975
104976
104977
104978
104979
104980
104981
104982
104983
104984
104985
104986
104987
104988
104989
104990
104994
104995
104996
104997
104998
104999
105000
105001
105002
105003
105016
105017
105018
105019
105020
105021
105022
105023
105024
105025
105026
105027
105028
105029
105030
105031
105032
105033
105034
105035
105036
105037
105038
105039
105040
105041
105044
105045
105093
105094
105163
105164
105165
105166
105167
105168
105169
105170
105171
105172
105173
105174
105175
105176
105177
105178
105179
105180
105181
105182
105183
105184
105185
105186
105187
105188
105189
105190
105192
105193
105194
105195
105196
105197
105198
105199
105200
105201
105286
105287
105288
105289
105290
105291
105292
105293
105294
105295
105296
105297
105298
105299
105300
105301
105302
105448
105449
105450
105463
105464
105465
105466
105467
105468
105469
105470
105471
105472
105473
105474
105475
105476
105477
105478
105479
105480
105481
105482
105483
105484
105485
105486
105523
105524
105525
105526
105527
105528
105529
105530
105531
105563
105579
105581
105582
105583
105584
105587
105588
105589
105590
105591
105592
105593
105594
105595
105623
105624
105625
105626
105627
105628
105629
105630
105631
105654
105656
105657
105658
105660
105661
105662
105663
105664
105665
105666
105667
105668
105669
105819
105821
105903
105904
105917
105918
105919
105920
105921
105922
105943
105944
105945
105946
105947
106113
106118
106119
106123
106184
106203
106204
106205
106206
106207
106209
106260
106261
106262
106280
106283
106288
106290
106363
106366
106367
106368
106370
106429
106431
106433
106434
106467
106468
106469
106470
106472
106473
106474
106475
106476
106477
106498
106543
106546
106547
106548
106549
106550
106551
106553
106556
106558
106559
106560
106561
106562
106563
106583
106584
106585
106586
106763
106983
106984
106985
106986
106987
106988
106989
106990
106991
106992
107064
107065
107066
107071
107088
107183
107184
107185
107186
107187
107188
107189
107190
107191
107192
107193
107194
107195
107206
107207
107208
107209
107210
107212
107213
107214
107215
107216
107283
107284
107303
107304
107305
107306
107307
107311
107312
107314
107315
107316
107319
107321
107322
107323
107324
107325
107326
107328
107329
107330
107331
107332
107333
107334
107335
107336
107337
107338
107339
107340
107341
107342
107343
107344
107345
107346
107347
107389
107390
107391
107392
107393
107394
107395
107396
107397
107399
107400
107401
107402
107403
107404
107405
107406
107407
107439
107440
107441
107445
107446
107449
107450
107451
107452
107454
107455
107456
107457
107458
107459
107460
107461
107463
107464
107465
107466
107467
107468
107483
107484
107485
107486
107487
107488
107489
107490
107491
107492
107493
107494
107495
107496
107497
107498
107499
107500
107501
107502
107503
107504
107505
107506
107507
107508
107530
107531
107532
107550
107558
107559
107561
107565
107566
107567
107568
107581
107582
107583
107584
107585
107586
107587
107588
107589
107591
107592
107593
107594
107595
107596
107597
107598
107599
107600
107601
107602
107603
107604
107606
107607
107608
107609
107610
107611
107612
107613
107614
107615
107616
107617
107675
108079
108080
108081
108083
108084
108085
108086
108087
108088
108089
108090
108091
108092
108093
108094
108095
108096
108097
108098
108099
108112
108113
108114
108115
108124
108125
108126
108127
108134
108135
108136
108137
108138
108139
108140
108141
108142
108143
108144
108184
108185
108186
108187
108188
108189
108190
108191
108192
108193
108194
108195
108196
108197
108198
108199
108200
108201
108202
108206
108207
108208
108209
108223
108224
108225
108226
108227
108228
108229
108230
108237
108238
108239
108469
108470
108480
108485
108486
108489
108490
108491
108492
108493
108494
108495
108496
108497
108498
108499
108500
108501
108502
108503
108504
108505
108506
108507
108508
108509
108510
108511
108512
108513
108514
108515
108516
108517
108518
108583
108584
108585
108586
108587
108649
108651
109028
109029
109030
109031
109032
109033
109034
109063
109084
109094
109096
109100
109111
109114
109117
109118
111903
111904
111943
111984
112042
112046
112047
112048
112049
112050
112051
112052
112053
112054
112055
112506
112507
112551
112552
112555
112557
112558
112559
112560
112561
112562
112563
